1614373997	4	499	499	499
1614374131	11	199	199	199
1614374117	4	499	499	499
1614374251	11	199	199	199
1614374237	4	498.999	498.931	499
1614374371	11	199	199	199
1614374357	4	497.43	495.817	498.931
1614374491	11	199	199	199
1614374477	4	491.822	488	495.817
1614374611	11	199	199	199
1614374597	4	493.747	488.251	499
1614374731	11	199	199	199
1614374717	4	499	499	499
1614374851	11	199	199	199
1614374837	4	499	499	499
1614374971	11	199	199	199
1614374957	4	499	499	499
1614375091	11	199	199	199
1614375077	4	499	499	499
1614375211	11	199	199	199
1614375197	4	499	499	499
1614375331	11	199.055	199	199.333
1614375317	4	499	499	499
1614375451	11	199.722	199.333	200
1614375437	4	498.996	498.625	499
1614375571	11	198.685	195.911	199.657
1614375557	4	490.134	482	498.625
1614375691	11	192.471	190	195.911
1614375677	4	490.868	482.372	499
1614375811	11	197.058	193.088	199
1614375797	4	499	499	499
1614375931	11	198.53	196.257	199
1614375917	4	499	499	499
1614376051	11	193.197	191	196.257
1614376037	4	499	499	499
1614376171	11	197.272	193.743	199
1614376157	4	499	499	499.022
1614376291	11	199	199	199
1614376277	4	499.521	499.022	500
1614376411	11	199	199	199
1614376397	4	499.479	499	499.979
1614376531	11	199	199	199
1614376517	4	499	499	499
1614376651	11	199	199	199
1614376637	4	499	499	499
1614376771	11	199.058	199	199.341
1614376757	4	499	499	499
1614376891	11	199.725	199.341	200
1614376877	4	499	499	499
1614377011	11	199.275	199	199.659
1614376997	4	499	499	499
1614377131	11	199.725	199.342	200
1614377117	4	498.995	498.547	499
1614377251	11	199.217	199	199.658
1614377237	4	487.566	477	498.547
1614377371	11	199	199	199
1614377357	4	488.437	477.433	499
1614377491	11	199	199	199
1614377477	4	499	499	499
1614377611	11	199	199	199
1614377597	4	498.999	498.919	499
1614377731	11	199	199	199
1614377717	4	496.921	495	498.919
1614377851	11	199	199	199
1614377837	4	497.08	495.08	499
1614377971	11	199	199	199
1614377957	4	499	499	499
1614378091	11	199	199	199
1614378077	4	499	499	499
1614378211	11	199	199	199
1614378197	4	499	499	499
1614378331	11	199	199	199
1614378317	4	499	499	499
1614378451	11	199	199	199
1614378437	4	499	499	499
1614378571	11	199	199	199
1614378557	4	499	499	499
1614378691	11	199	199	199
1614378677	4	499	499	499
1614378811	11	199	199	199
1614378797	4	499	499	499
1614378931	11	199	199	199
1614378917	4	499	499	499
1614379051	11	199	199	199
1614379037	4	499	499	499
1614379171	11	199	199	199
1614379157	4	498.989	497.896	499
1614379291	11	199	199	199
1614379277	4	468.875	437.418	497.896
1614379411	11	199	199	199
1614379397	4	342.99	251.944	437.418
1614379531	11	199	199	199
1614379517	4	250.488	249	253.631
1614379651	11	199	199	199
1614379637	4	379.08	253.631	500
1614379771	11	199	199	199
1614379757	4	499.482	499	499.982
1614379891	11	199	199	199
1614379877	4	499	499	499
1614380011	11	199	199	199
1614379997	4	498.997	498.672	499
1614380131	11	199	199	199
1614380117	4	489.678	481	498.672
1614380251	11	199	199	199
1614380237	4	490.322	481.327	499
1614380371	11	199	199	199
1614380357	4	499	499	499
1614380491	11	199	199	199
1614380477	4	499	499	499
1614380611	11	199	199	199
1614380597	4	499	499	499
1614380731	11	199	199	199
1614380717	4	499	499	499
1614380851	11	199	199	199
1614380837	4	499	499	499
1614380971	11	199	199	199
1614380957	4	499	499	499
1614381091	11	199	199	199
1614381077	4	499	499	499
1614381211	11	199	199	199
1614381197	4	499	499	499
1614381331	11	199	199	199
1614381317	4	499	499	499
1614381451	11	199	199	199
1614381437	4	499	499	499
1614381571	11	199	199	199
1614381557	4	499	499	499
1614381691	11	199	199	199
1614381677	4	499	499	499
1614381811	11	199	199	199
1614381797	4	499	499	499
1614381931	11	199	199	199
1614381917	4	499	499	499
1614382051	11	199	199	199
1614382037	4	499	499	499
1614382171	11	199	199	199
1614382157	4	499	499	499
1614382291	11	199	199	199
1614382277	4	499	499	499
1614382411	11	199	199	199
1614382397	4	499	499	499
1614382531	11	199.057	199	199.336
1614382517	4	499	499	499
1614382651	11	199.723	199.336	200
1614382637	4	499	499	499
1614382771	11	199.22	199	199.664
1614382757	4	499	499	499
1614382891	11	199	199	199
1614382877	4	499	499	499
1614383011	11	199.056	199	199.335
1614382997	4	499	499	499
1614383131	11	199.723	199.335	200
1614383117	4	499	499	499
1614383251	11	198.769	196.313	199.664
1614383237	4	499	499	499
1614383371	11	193.223	191	196.313
1614383357	4	499	499	499
1614383491	11	197.294	193.732	199
1614383477	4	499	499	499
1614383611	11	199	199	199
1614383597	4	499	499	499
1614383731	11	199	199	199
1614383717	4	499	499	499
1614383851	11	198.38	195.48	199
1614383837	4	499	499	499
1614383971	11	191.719	189	195.48
1614383957	4	499	499	499
1614384091	11	196.898	192.517	199
1614384077	4	499	499	499
1614384211	11	199	199	199
1614384197	4	499	499	499
1614384331	11	199	199	199
1614384317	4	499	499	499
1614384451	11	199	199	199
1614384437	4	499	499	499
1614384571	11	199	199	199
1614384557	4	499	499	499
1614384691	11	199	199	199
1614384677	4	499	499	499
1614384811	11	199	199	199
1614384797	4	499	499	499
1614384931	11	199	199	199
1614384917	4	499	499	499
