1614373997	2	495.883	495.883	495.883
1614374131	9	200.025	200.025	200.025
1614374117	2	497.729	495.883	499.575
1614374251	9	200.03	200.025	200.033
1614374237	2	500.027	499.575	500.059
1614374371	9	200.027	200.025	200.03
1614374357	2	500.08	500.059	500.1
1614374491	9	200.025	200.025	200.025
1614374477	2	500.1	500.099	500.1
1614374611	9	200.025	200.025	200.025
1614374597	2	500.078	500.058	500.099
1614374731	9	200.025	200.025	200.025
1614374717	2	500.058	500.058	500.058
1614374851	9	200.025	200.025	200.025
1614374837	2	500.058	500.058	500.061
1614374971	9	200.025	200.025	200.028
1614374957	2	500.111	500.061	500.158
1614375091	9	200.031	200.028	200.033
1614375077	2	500.102	500.05	500.156
1614375211	9	200.021	200.017	200.028
1614375197	2	500.054	500.05	500.059
1614375331	9	200.029	200.022	200.033
1614375317	2	500.063	500.059	500.067
1614375451	9	200.027	200.025	200.031
1614375437	2	500.062	500.058	500.066
1614375571	9	200.025	200.025	200.025
1614375557	2	500.054	500.05	500.058
1614375691	9	200.025	200.025	200.025
1614375677	2	500.054	500.05	500.058
1614375811	9	200.025	200.025	200.025
1614375797	2	500.054	500.05	500.058
1614375931	9	199.927	199.453	200.025
1614375917	2	500.054	500.05	500.058
1614376051	9	198.817	198.358	199.453
1614376037	2	500.058	500.058	500.058
1614376171	9	199.671	198.933	200.033
1614376157	2	500.058	500.058	500.058
1614376291	9	200.021	200.017	200.028
1614376277	2	500.054	500.05	500.058
1614376411	9	200.024	200.02	200.028
1614376397	2	500.05	500.05	500.05
1614376531	9	200.031	200.028	200.033
1614376517	2	500.05	500.05	500.05
1614376651	9	200.021	200.017	200.028
1614376637	2	500.05	500.05	500.05
1614376771	9	200.024	200.02	200.028
1614376757	2	500.05	500.05	500.05
1614376891	9	200.031	200.028	200.033
1614376877	2	500.046	500.042	500.05
1614377011	9	200.027	200.025	200.03
1614376997	2	500.05	500.042	500.058
1614377131	9	200.025	200.025	200.025
1614377117	2	500.058	500.058	500.058
1614377251	9	200.025	200.025	200.025
1614377237	2	500.058	500.058	500.058
1614377371	9	200.025	200.025	200.025
1614377357	2	500.054	500.05	500.058
1614377491	9	200.025	200.025	200.025
1614377477	2	500.054	500.05	500.058
1614377611	9	200.025	200.025	200.025
1614377597	2	500.054	500.05	500.058
1614377731	9	200.025	200.025	200.025
1614377717	2	500.05	500.05	500.05
1614377851	9	200.025	200.025	200.025
1614377837	2	500.05	500.05	500.05
1614377971	9	200.025	200.025	200.025
1614377957	2	500.059	500.05	500.067
1614378091	9	200.025	200.025	200.025
1614378077	2	500.054	500.042	500.066
1614378211	9	200.025	200.025	200.025
1614378197	2	500.05	500.042	500.058
1614378331	9	200.025	200.025	200.025
1614378317	2	500.054	500.05	500.058
1614378451	9	200.025	200.025	200.025
1614378437	2	500.05	500.05	500.05
1614378571	9	200.025	200.025	200.025
1614378557	2	500.059	500.05	500.067
1614378691	9	200.025	200.025	200.025
1614378677	2	500.054	500.042	500.066
1614378811	9	200.025	200.025	200.025
1614378797	2	500.046	500.042	500.05
1614378931	9	200.025	200.025	200.025
1614378917	2	500.054	500.05	500.058
1614379051	9	200.025	200.025	200.025
1614379037	2	500.05	500.042	500.058
1614379171	9	200.025	200.025	200.025
1614379157	2	500.05	499.988	500.058
1614379291	9	200.025	200.025	200.025
1614379277	2	498.109	493.178	499.988
1614379411	9	200.025	200.025	200.025
1614379397	2	409.394	328.542	493.178
1614379531	9	200.025	200.025	200.025
1614379517	2	508.222	334.967	675.258
1614379651	9	200.025	200.022	200.025
1614379637	2	584.462	500.058	672.026
1614379771	9	200.019	200.017	200.022
1614379757	2	500.045	500.033	500.058
1614379891	9	200.029	200.022	200.033
1614379877	2	500.046	500.034	500.058
1614380011	9	200.027	200.025	200.031
1614379997	2	500.058	500.058	500.059
1614380131	9	200.025	200.025	200.025
1614380117	2	500.076	500.059	500.092
1614380251	9	200.025	200.025	200.025
1614380237	2	500.074	500.058	500.091
1614380371	9	200.025	200.025	200.025
1614380357	2	500.063	500.058	500.067
1614380491	9	200.025	200.025	200.025
1614380477	2	500.062	500.058	500.067
1614380611	9	200.025	200.025	200.028
1614380597	2	500.058	500.058	500.058
1614380731	9	200.031	200.028	200.033
1614380717	2	500.05	500.042	500.058
1614380851	9	200.026	200.022	200.031
1614380837	2	500.05	500.042	500.058
1614380971	9	200.019	200.017	200.022
1614380957	2	500.054	500.05	500.058
1614381091	9	200.023	200.019	200.025
1614381077	2	500.046	500.042	500.05
1614381211	9	200.025	200.025	200.025
1614381197	2	500.042	500.042	500.042
1614381331	9	200.025	200.025	200.025
1614381317	2	500.046	500.042	500.05
1614381451	9	200.025	200.025	200.025
1614381437	2	500.05	500.05	500.05
1614381571	9	200.025	200.025	200.025
1614381557	2	500.054	500.05	500.058
1614381691	9	200.025	200.025	200.025
1614381677	2	500.058	500.058	500.058
1614381811	9	200.025	200.025	200.025
1614381797	2	500.058	500.058	500.058
1614381931	9	200.025	200.025	200.025
1614381917	2	500.05	500.042	500.058
1614382051	9	200.025	200.025	200.025
1614382037	2	500.055	500.042	500.067
1614382171	9	200.025	200.025	200.025
1614382157	2	500.049	500.033	500.066
1614382291	9	200.025	200.025	200.028
1614382277	2	500.046	500.034	500.058
1614382411	9	200.031	200.028	200.033
1614382397	2	500.058	500.058	500.058
1614382531	9	200.027	200.025	200.031
1614382517	2	500.058	500.058	500.058
1614382651	9	200.025	200.022	200.025
1614382637	2	500.058	499.992	500.058
1614382771	9	200.019	200.017	200.022
1614382757	2	497.914	495.9	499.992
1614382891	9	200.023	200.019	200.025
1614382877	2	498.04	495.966	500.05
1614383011	9	200.025	200.025	200.025
1614382997	2	500.054	500.05	500.058
1614383131	9	200.025	200.025	200.025
1614383117	2	500.058	500.058	500.058
1614383251	9	200.025	200.025	200.025
1614383237	2	500.058	500.058	500.058
1614383371	9	200.025	200.025	200.025
1614383357	2	500.058	500.058	500.058
1614383491	9	200.025	200.025	200.025
1614383477	2	500.058	500.058	500.058
1614383611	9	200.025	200.025	200.025
1614383597	2	500.058	500.058	500.058
1614383731	9	200.025	200.025	200.025
1614383717	2	500.054	500.05	500.058
1614383851	9	200.025	200.025	200.025
1614383837	2	500.05	500.05	500.05
1614383971	9	199.922	199.439	200.025
1614383957	2	500.05	500.05	500.05
1614384091	9	198.812	198.358	199.439
1614384077	2	500.059	500.05	500.067
1614384211	9	199.675	198.944	200.025
1614384197	2	500.058	500.05	500.066
1614384331	9	200.025	200.025	200.025
1614384317	2	500.059	500.05	500.067
1614384451	9	200.025	200.025	200.025
1614384437	2	500.062	500.058	500.067
1614384571	9	200.026	200.025	200.028
1614384557	2	500.058	500.058	500.058
1614384691	9	200.031	200.028	200.033
1614384677	2	500.054	500.05	500.058
1614384811	9	200.027	200.025	200.03
1614384797	2	500.05	500.05	500.05
1614384931	9	200.025	200.025	200.025
1614384917	2	500.05	500.05	500.05
